============================================================
描述性统计
============================================================
              roe         nim         cir   npl_ratio         car  loan_growth   log_asset
count  250.000000  250.000000  250.000000  250.000000  250.000000   250.000000  250.000000
mean    13.437811    2.488339   35.227228    1.837802   13.040372     7.162409   12.241226
std      3.592167    0.605726    5.767013    0.780268    1.678195     7.282756    1.111495
min      4.427237    1.510123   25.139043    0.100000    9.258188    -4.716159    9.778958
25%     10.564150    1.918628   29.839833    1.244839   11.632440     0.860586   11.484198
50%     13.866023    2.500822   35.660505    1.948711   13.126292     6.709773   12.414910
75%     16.344608    3.040876   39.958742    2.421041   14.409950    13.364538   13.049168
max     20.475014    3.493394   44.942490    3.432469   16.509886    19.985343   14.437458

============================================================
相关系数矩阵
============================================================
                  roe  npl_ratio       car  loan_growth  log_asset
roe          1.000000   0.075476  0.021640     0.099273  -0.203682
npl_ratio    0.075476   1.000000 -0.026568    -0.103982   0.142124
car          0.021640  -0.026568  1.000000     0.099163   0.036793
loan_growth  0.099273  -0.103982  0.099163     1.000000   0.000630
log_asset   -0.203682   0.142124  0.036793     0.000630   1.000000